0000000   7370182
6430011   1678262
6630021   765524
30Z4503   478223
6423008   475032
70Z4119   489226
6030001   192552
6410051   158808
6450051   164107
70Z4120   111726
6830040   97579
6830057   103049
3330036   129122
1030030   71985
13Z4501   66160
3230031   26760
6530015   36054
6130002   51151
6650005   29117
6110014   27442
6730039   26068
35Z4121   19148
04Z3003   12227
0130080   9364
68Z4014   21770
6530014   19595
6610045   12249
3210057   9546
71S4507   13464
30Z4108   4972
3310061   10913
6610005   5755
6510055   5268
6323057   3120
38Z4024   5037
6150014   4499
3823020   4282
6123030   4435
6123004   4249
01Z0001   1795
6623031   3455
6010012   8192
34Z4008   3208
1021001   2235
6850015   2412
32Z4020   2569
11Z4011   2781
3823017   2795
6350057   3297
6023028   1183
6330006   1293
01Z4901   1372
6710075   1123
6023999   1146
6810040   1052
3823006   846
10Z1006   997
35Z4104   760
68Z4044   935
1130082   706
32100H4   339
6010001   582
1230094   324
3430025   490
01Z3002   339
3810065   253
6123009   393
3810041   335
6323039   348
1023032   524
32Z4038   375
38Z4053   587
0150001   5704
6010091   533
32Z4002   92
0450068   139
35Z4106   130
6310021   158
3030018   227
6310054   358
71S4508   160
6310062   92
60100E1   73
6550055   92
6023001   141
3421002   23
0410098   57
60100F1   40
6110044   42
39Z4109   49
40Z4504   55
0150096   372
36Z4110   15
6323038   10
39Z4005   131
01S4504   11
11100A0   20
0110090   3
39Z4101   15
   3
016IA04   14
05Z9000   72
6010092   562
6010096   282
1010030   80
3450025   37
03Z3004   14
32100T2   13
11500A0   5
04Z4010   4
3410025   4
36Z4117   2
60100D8   2
69Z4051   1
